Ethereum,ETH,8241.402980524188,9090402.94676137,8241.408891837307,9090409.467036903,100,99.99992827302712,76.3277554732966,234.36081622848815
Ethereum,DAI,5285050.421202789,5290335.471623993,12201108.820714796,12213309.92953551,31,43.31614854733479,0.2531327158179846,2.1293264403261722
Ethereum,USDT,0.000011741493837453,0.000011741493837453,0.000050894574285986,0.000050894574285986,15,23.070227037317142,1034372247266.8065,1.217755403074285
Ethereum,USDC,0.000008055058576315,0.000008063113634891314,0.000017879259971777,0.00001789713923174878,38,45.052527839687855,11778619578575.81,4.80955401404805
Ethereum,YFI,0.9015482816169438,5223.273232755639,10.248452048169343,59376.14917791727,3,8.796921499749665,37.916718532048016,2.934527463779356
Ethereum,SNX,933.3968161944342,2464.1675947533063,1340.6771928320366,3539.3877890765766,7,69.62129446110244,60.09085919201235,28.54420521545798
Ethereum,sUSD,9.749199934164553,9.82719353363787,23771.137611516155,23961.306712408285,3,0.041012761330536655,93.4655708104642,0.0066015816883124735
Ethereum,DPI,170.56191404210094,14168.578199477324,1860.9000317751174,154584.965639559,25,9.165560273509236,76.63093301233101,3.01804238802114
Ethereum,UNI,3.1592123294263277,19.65030068903176,1310.0567035608442,8148.552696148451,2,0.2411508082695446,12.673905678615256,0.07834678912025438
Ethereum,SUSHI,511.94534133303296,629.6927698396305,60662.02533504414,74614.2911621043,5,0.843930512549644,2.5097961304740823,0.2761278304677974
Ethereum,LINK,26.628349031123495,164.29691352203196,27325.364110317827,168597.49656066098,11,0.09744920112910355,7.9224251639430685,0.03168269912492004
Ethereum,WBTC,1.387909754e-9,0.00002780677192139,8.242515833e-9,0.000165138804714155,4,16.83842387591565,19599289029.433716,3.5931796374843157
